/NumWaves	2
/NumPoints	1020
/PPheights		1.000000e+00	1.921312e-01

/Matrix
-4.892989e-01	-9.544298e-04	
-4.892989e-01	-9.544298e-04	
-4.892989e-01	-9.544298e-04	
-4.892989e-01	-9.544298e-04	
-4.892989e-01	-9.544298e-04	
-4.892989e-01	-9.544298e-04	
-4.892989e-01	-9.544298e-04	
-4.892989e-01	-9.544298e-04	
-4.892989e-01	-9.544298e-04	
-4.892989e-01	-9.544298e-04	
-4.892989e-01	-9.544298e-04	
-4.892989e-01	-9.544298e-04	
-4.892989e-01	-9.544298e-04	
-4.892989e-01	-9.544298e-04	
-4.892989e-01	-9.544298e-04	
-4.892989e-01	-9.544298e-04	
-4.892989e-01	-9.544298e-04	
-4.892989e-01	-9.544298e-04	
-4.892989e-01	-9.544298e-04	
-4.892989e-01	-9.544298e-04	
-4.892989e-01	-9.544298e-04	
-4.892989e-01	-9.544298e-04	
-4.892989e-01	-9.544298e-04	
-4.892989e-01	-9.544298e-04	
-4.892989e-01	-9.544298e-04	
-4.892989e-01	-9.544298e-04	
-4.892989e-01	-9.544298e-04	
-4.892989e-01	-9.544298e-04	
-4.892989e-01	-9.544298e-04	
-4.892989e-01	-9.544298e-04	
-4.892989e-01	-9.544298e-04	
-4.892989e-01	-9.544298e-04	
-4.892989e-01	-9.544298e-04	
-4.892989e-01	-9.544298e-04	
-4.892989e-01	-9.544298e-04	
-4.892989e-01	-9.544298e-04	
-4.892989e-01	-9.544298e-04	
-4.892989e-01	-9.544298e-04	
-4.892989e-01	-9.544298e-04	
-4.892989e-01	-9.544298e-04	
-4.892989e-01	-9.544298e-04	
-4.892989e-01	-9.544298e-04	
-4.892989e-01	-9.544298e-04	
-4.892989e-01	-9.544298e-04	
-4.892989e-01	-9.544298e-04	
-4.892989e-01	-9.544298e-04	
-4.892989e-01	-5.043512e-04	
-4.883988e-01	4.611154e-03	
-4.781677e-01	1.932704e-02	
-4.478347e-01	4.134733e-02	
-3.935598e-01	6.380120e-02	
-3.183132e-01	8.141715e-02	
-2.287984e-01	9.187571e-02	
-1.326253e-01	9.515616e-02	
-3.653942e-02	8.915986e-02	
4.765130e-02	8.270857e-02	
1.308436e-01	7.717128e-02	
2.039685e-01	6.682147e-02	
2.664689e-01	5.635045e-02	
3.186585e-01	4.646285e-02	
3.613892e-01	3.756686e-02	
3.957913e-01	2.984776e-02	
4.230875e-01	2.333722e-02	
4.444715e-01	1.797065e-02	
4.610368e-01	1.320057e-02	
4.728823e-01	9.850767e-03	
4.827493e-01	7.650028e-03	
4.901944e-01	5.504574e-03	
4.957712e-01	3.856619e-03	
4.999210e-01	2.602621e-03	
5.029903e-01	1.656353e-03	
5.052479e-01	9.476405e-04	
5.069000e-01	4.204367e-04	
5.081033e-01	3.066369e-05	
5.089760e-01	-2.766355e-04	
5.095649e-01	-4.803740e-04	
5.100301e-01	-6.079596e-04	
5.103639e-01	-7.213233e-04	
5.106024e-01	-8.388467e-04	
5.107011e-01	-9.581410e-04	
5.107011e-01	-1.007490e-03	
5.107011e-01	-1.007490e-03	
5.107011e-01	-1.007490e-03	
5.107011e-01	-1.007490e-03	
5.107011e-01	-1.007490e-03	
5.107011e-01	-1.007490e-03	
5.107011e-01	-1.007490e-03	
5.107011e-01	-1.007490e-03	
5.107011e-01	-1.007490e-03	
5.107011e-01	-1.007490e-03	
5.107011e-01	-1.007490e-03	
5.107011e-01	-1.007490e-03	
5.107011e-01	-1.045734e-03	
5.106246e-01	-3.230470e-03	
5.062552e-01	-1.207561e-02	
4.884879e-01	-3.057973e-02	
4.471083e-01	-5.400667e-02	
3.824828e-01	-7.470053e-02	
2.997086e-01	-8.913833e-02	
2.061988e-01	-9.618619e-02	
1.093189e-01	-9.653610e-02	
1.509894e-02	-9.175067e-02	
-7.222003e-02	-8.358970e-02	
-1.501273e-01	-7.363073e-02	
-2.175366e-01	-6.110170e-02	
-2.703931e-01	-5.124228e-02	
-3.180891e-01	-4.418015e-02	
-3.568263e-01	-3.581511e-02	
-3.877964e-01	-2.865687e-02	
-4.122204e-01	-2.268640e-02	
-4.312522e-01	-1.781008e-02	
-4.459256e-01	-1.389673e-02	
-4.571322e-01	-1.080277e-02	
-4.656188e-01	-8.387961e-03	
-4.719967e-01	-6.365264e-03	
-4.764387e-01	-4.982637e-03	
-4.800518e-01	-4.094165e-03	
-4.827172e-01	-3.265353e-03	
-4.846729e-01	-2.646604e-03	
-4.861010e-01	-2.187662e-03	
-4.871391e-01	-1.849257e-03	
-4.878904e-01	-1.601073e-03	
-4.884322e-01	-1.419957e-03	
-4.888214e-01	-1.288386e-03	
-4.891001e-01	-1.186700e-03	
-4.892859e-01	-1.053870e-03	
-4.892989e-01	-9.609391e-04	
-4.892989e-01	-9.544298e-04	
-4.892989e-01	-9.544298e-04	
-4.892989e-01	-9.544298e-04	
-4.892989e-01	-9.544298e-04	
-4.892989e-01	-9.544298e-04	
-4.892989e-01	-9.544298e-04	
-4.892989e-01	-9.544298e-04	
-4.892989e-01	-9.544298e-04	
-4.892989e-01	-9.544298e-04	
-4.892989e-01	-9.544298e-04	
-4.892989e-01	-9.544298e-04	
-4.892989e-01	-9.544298e-04	
-4.892989e-01	-5.043512e-04	
-4.883988e-01	4.611154e-03	
-4.781677e-01	1.932704e-02	
-4.478347e-01	4.134733e-02	
-3.935598e-01	6.380120e-02	
-3.183132e-01	7.780866e-02	
-2.360154e-01	8.814026e-02	
-1.400970e-01	9.513446e-02	
-4.380059e-02	9.289607e-02	
4.765130e-02	8.633915e-02	
1.308436e-01	7.717128e-02	
2.039685e-01	6.682147e-02	
2.664689e-01	5.635045e-02	
3.186585e-01	4.646285e-02	
3.613892e-01	3.756686e-02	
3.957913e-01	2.891022e-02	
4.212124e-01	2.260698e-02	
4.430108e-01	1.834532e-02	
4.599109e-01	1.393097e-02	
4.728823e-01	1.041371e-02	
4.827493e-01	7.650028e-03	
4.901944e-01	5.504574e-03	
4.957712e-01	3.856619e-03	
4.999210e-01	2.602621e-03	
5.029903e-01	1.656353e-03	
5.052479e-01	8.929320e-04	
5.067906e-01	3.806808e-04	
5.080238e-01	5.659890e-05	
5.089185e-01	-2.368708e-04	
5.095649e-01	-4.515964e-04	
5.100301e-01	-6.079596e-04	
5.103639e-01	-7.213233e-04	
5.106024e-01	-8.388467e-04	
5.107011e-01	-9.581410e-04	
5.107011e-01	-1.007490e-03	
5.107011e-01	-1.007490e-03	
5.107011e-01	-1.007490e-03	
5.107011e-01	-1.007490e-03	
5.107011e-01	-1.007490e-03	
5.107011e-01	-1.007490e-03	
5.107011e-01	-1.007490e-03	
5.107011e-01	-1.007490e-03	
5.107011e-01	-1.007490e-03	
5.107011e-01	-1.007490e-03	
5.107011e-01	-1.007490e-03	
5.107011e-01	-1.007490e-03	
5.107011e-01	-1.027531e-03	
5.106610e-01	-2.855714e-03	
5.070047e-01	-1.209385e-02	
4.884879e-01	-3.095449e-02	
4.471083e-01	-5.400667e-02	
3.824828e-01	-7.470053e-02	
2.997086e-01	-8.913833e-02	
2.061988e-01	-9.618619e-02	
1.093189e-01	-9.653610e-02	
1.509894e-02	-8.854815e-02	
-6.581500e-02	-8.077673e-02	
-1.445007e-01	-7.443025e-02	
-2.127300e-01	-6.391528e-02	
-2.703931e-01	-5.364558e-02	
-3.180891e-01	-4.418015e-02	
-3.568263e-01	-3.581511e-02	
-3.877964e-01	-2.865687e-02	
-4.122204e-01	-2.268640e-02	
-4.312522e-01	-1.781008e-02	
-4.459256e-01	-1.351832e-02	
-4.563754e-01	-1.051734e-02	
-4.650479e-01	-8.552611e-03	
-4.715691e-01	-6.650759e-03	
-4.764387e-01	-5.196431e-03	
-4.800518e-01	-4.094165e-03	
-4.827172e-01	-3.265353e-03	
-4.846729e-01	-2.646604e-03	
-4.861010e-01	-2.187662e-03	
-4.871391e-01	-1.849257e-03	
-4.878904e-01	-1.583257e-03	
-4.883966e-01	-1.407181e-03	
-4.887958e-01	-1.297070e-03	
-4.890818e-01	-1.199479e-03	
-4.892859e-01	-1.063004e-03	
-4.892989e-01	-9.609391e-04	
-4.892989e-01	-9.544298e-04	
-4.892989e-01	-9.544298e-04	
-4.892989e-01	-9.544298e-04	
-4.892989e-01	-9.544298e-04	
-4.892989e-01	-9.544298e-04	
-4.892989e-01	-9.544298e-04	
-4.892989e-01	-9.544298e-04	
-4.892989e-01	-9.544298e-04	
-4.892989e-01	-9.544298e-04	
-4.892989e-01	-9.544298e-04	
-4.892989e-01	-9.544298e-04	
-4.892989e-01	-9.544298e-04	
-4.892989e-01	-5.043512e-04	
-4.883988e-01	4.611154e-03	
-4.781677e-01	1.773561e-02	
-4.510175e-01	3.885317e-02	
-3.985484e-01	6.219703e-02	
-3.247050e-01	8.030332e-02	
-2.360154e-01	9.133612e-02	
-1.400970e-01	9.513446e-02	
-4.380059e-02	9.289607e-02	
4.765130e-02	8.633915e-02	
1.308436e-01	7.717128e-02	
2.039685e-01	6.682147e-02	
2.664689e-01	5.451763e-02	
3.149929e-01	4.497508e-02	
3.584133e-01	3.821064e-02	
3.934130e-01	3.039831e-02	
4.212124e-01	2.379618e-02	
4.430108e-01	1.834532e-02	
4.599109e-01	1.393097e-02	
4.728823e-01	1.041371e-02	
4.827493e-01	7.650028e-03	
4.901944e-01	5.504574e-03	
4.957712e-01	3.718142e-03	
4.996441e-01	2.500499e-03	
5.027860e-01	1.719906e-03	
5.050980e-01	9.950773e-04	
5.067906e-01	4.556155e-04	
5.080238e-01	5.659890e-05	
5.089185e-01	-2.368708e-04	
5.095649e-01	-4.515964e-04	
5.100301e-01	-6.079596e-04	
5.103639e-01	-7.213233e-04	
5.106024e-01	-8.388467e-04	
5.107011e-01	-9.581410e-04	
5.107011e-01	-1.007490e-03	
5.107011e-01	-1.007490e-03	
5.107011e-01	-1.007490e-03	
5.107011e-01	-1.007490e-03	
5.107011e-01	-1.007490e-03	
5.107011e-01	-1.007490e-03	
5.107011e-01	-1.007490e-03	
5.107011e-01	-1.007490e-03	
5.107011e-01	-1.007490e-03	
5.107011e-01	-1.007490e-03	
5.107011e-01	-1.007490e-03	
5.107011e-01	-1.007490e-03	
5.107011e-01	-1.027531e-03	
5.106610e-01	-2.855714e-03	
5.070047e-01	-1.209385e-02	
4.884879e-01	-3.095449e-02	
4.471083e-01	-5.400667e-02	
3.824828e-01	-7.470053e-02	
2.997086e-01	-8.543810e-02	
2.135992e-01	-9.247454e-02	
1.167430e-01	-9.671395e-02	
2.214450e-02	-9.226058e-02	
-6.581500e-02	-8.429950e-02	
-1.445007e-01	-7.443025e-02	
-2.127300e-01	-6.391528e-02	
-2.703931e-01	-5.364558e-02	
-3.180891e-01	-4.418015e-02	
-3.568263e-01	-3.581511e-02	
-3.877964e-01	-2.782023e-02	
-4.105472e-01	-2.203804e-02	
-4.299553e-01	-1.814920e-02	
-4.449304e-01	-1.416683e-02	
-4.563754e-01	-1.101492e-02	
-4.650479e-01	-8.552611e-03	
-4.715691e-01	-6.650759e-03	
-4.764387e-01	-5.196431e-03	
-4.800518e-01	-4.094165e-03	
-4.827172e-01	-3.265353e-03	
-4.846729e-01	-2.599362e-03	
-4.860065e-01	-2.153400e-03	
-4.870705e-01	-1.871747e-03	
-4.878409e-01	-1.617526e-03	
-4.883966e-01	-1.431936e-03	
-4.887958e-01	-1.297070e-03	
-4.890818e-01	-1.199479e-03	
-4.892859e-01	-1.063004e-03	
-4.892989e-01	-9.609391e-04	
-4.892989e-01	-9.544298e-04	
-4.892989e-01	-9.544298e-04	
-4.892989e-01	-9.544298e-04	
-4.892989e-01	-9.544298e-04	
-4.892989e-01	-9.544298e-04	
-4.892989e-01	-9.544298e-04	
-4.892989e-01	-9.544298e-04	
-4.892989e-01	-9.544298e-04	
-4.892989e-01	-9.544298e-04	
-4.892989e-01	-9.544298e-04	
-4.892989e-01	-9.544298e-04	
-4.892989e-01	-9.544298e-04	
-4.892989e-01	-6.235765e-04	
-4.886372e-01	3.912209e-03	
-4.795656e-01	1.785491e-02	
-4.510175e-01	3.955213e-02	
-3.985484e-01	6.219703e-02	
-3.247050e-01	8.030332e-02	
-2.360154e-01	9.133612e-02	
-1.400970e-01	9.513446e-02	
-4.380059e-02	9.289607e-02	
4.765130e-02	8.331097e-02	
1.247872e-01	7.454729e-02	
1.987199e-01	6.763313e-02	
2.620353e-01	5.714218e-02	
3.149929e-01	4.719188e-02	
3.584133e-01	3.821064e-02	
3.934130e-01	3.039831e-02	
4.212124e-01	2.379618e-02	
4.430108e-01	1.834532e-02	
4.599109e-01	1.393097e-02	
4.728823e-01	1.008114e-02	
4.820841e-01	7.400038e-03	
4.896943e-01	5.650510e-03	
4.953979e-01	3.968187e-03	
4.996441e-01	2.687161e-03	
5.027860e-01	1.719906e-03	
5.050980e-01	9.950773e-04	
5.067906e-01	4.556155e-04	
5.080238e-01	5.659890e-05	
5.089185e-01	-2.368708e-04	
5.095649e-01	-4.668855e-04	
5.099996e-01	-6.189062e-04	
5.103420e-01	-7.138479e-04	
5.105868e-01	-8.278976e-04	
5.107011e-01	-9.503261e-04	
5.107011e-01	-1.007490e-03	
5.107011e-01	-1.007490e-03	
5.107011e-01	-1.007490e-03	
5.107011e-01	-1.007490e-03	
5.107011e-01	-1.007490e-03	
5.107011e-01	-1.007490e-03	
5.107011e-01	-1.007490e-03	
5.107011e-01	-1.007490e-03	
5.107011e-01	-1.007490e-03	
5.107011e-01	-1.007490e-03	
5.107011e-01	-1.007490e-03	
5.107011e-01	-1.007490e-03	
5.107011e-01	-1.027531e-03	
5.106610e-01	-2.855714e-03	
5.070047e-01	-1.209385e-02	
4.884879e-01	-2.893177e-02	
4.511538e-01	-5.115581e-02	
3.881850e-01	-7.329995e-02	
3.065558e-01	-8.828953e-02	
2.135992e-01	-9.589813e-02	
1.167430e-01	-9.671395e-02	
2.214450e-02	-9.226058e-02	
-6.581500e-02	-8.429950e-02	
-1.445007e-01	-7.443025e-02	
-2.127300e-01	-6.391528e-02	
-2.703931e-01	-5.197738e-02	
-3.147527e-01	-4.283615e-02	
-3.541380e-01	-3.641617e-02	
-3.856618e-01	-2.916452e-02	
-4.105472e-01	-2.310532e-02	
-4.299553e-01	-1.814920e-02	
-4.449304e-01	-1.416683e-02	
-4.563754e-01	-1.101492e-02	
-4.650479e-01	-8.552611e-03	
-4.715691e-01	-6.650759e-03	
-4.764387e-01	-5.076020e-03	
-4.798110e-01	-4.005588e-03	
-4.825400e-01	-3.320928e-03	
-4.845432e-01	-2.687958e-03	
-4.860065e-01	-2.218245e-03	
-4.870705e-01	-1.871747e-03	
-4.878409e-01	-1.617526e-03	
-4.883966e-01	-1.431936e-03	
-4.887958e-01	-1.297070e-03	
-4.890818e-01	-1.199479e-03	
-4.892859e-01	-1.063004e-03	
-4.892989e-01	-9.609391e-04	
-4.892989e-01	-9.544298e-04	
-4.892989e-01	-9.544298e-04	
-4.892989e-01	-9.544298e-04	
-4.892989e-01	-9.544298e-04	
-4.892989e-01	-9.544298e-04	
-4.892989e-01	-9.544298e-04	
-4.892989e-01	-9.544298e-04	
-4.892989e-01	-9.544298e-04	
-4.892989e-01	-9.544298e-04	
-4.892989e-01	-9.544298e-04	
-4.892989e-01	-9.544298e-04	
-4.892989e-01	-9.544298e-04	
-4.892989e-01	-6.235765e-04	
-4.886372e-01	3.912209e-03	
-4.795656e-01	1.785491e-02	
-4.510175e-01	3.955213e-02	
-3.985484e-01	6.219703e-02	
-3.247050e-01	8.030332e-02	
-2.360154e-01	8.760099e-02	
-1.475672e-01	9.148949e-02	
-5.109133e-02	9.324439e-02	
4.087691e-02	8.695670e-02	
1.247872e-01	7.793449e-02	
1.987199e-01	6.763313e-02	
2.620353e-01	5.714218e-02	
3.149929e-01	4.719188e-02	
3.584133e-01	3.821064e-02	
3.934130e-01	3.039831e-02	
4.212124e-01	2.305138e-02	
4.415212e-01	1.777087e-02	
4.587618e-01	1.423684e-02	
4.720043e-01	1.065571e-02	
4.820841e-01	7.839024e-03	
4.896943e-01	5.650510e-03	
4.953979e-01	3.968187e-03	
4.996441e-01	2.687161e-03	
5.027860e-01	1.719906e-03	
5.050980e-01	9.950773e-04	
5.067906e-01	4.148595e-04	
5.079423e-01	2.709683e-05	
5.088595e-01	-2.173902e-04	
5.095223e-01	-4.373769e-04	
5.099996e-01	-5.976277e-04	
5.103420e-01	-7.138479e-04	
5.105868e-01	-8.278976e-04	
5.107011e-01	-9.503261e-04	
5.107011e-01	-1.007490e-03	
5.107011e-01	-1.007490e-03	
5.107011e-01	-1.007490e-03	
5.107011e-01	-1.007490e-03	
5.107011e-01	-1.007490e-03	
5.107011e-01	-1.007490e-03	
5.107011e-01	-1.007490e-03	
5.107011e-01	-1.007490e-03	
5.107011e-01	-1.007490e-03	
5.107011e-01	-1.007490e-03	
5.107011e-01	-1.007490e-03	
5.107011e-01	-1.007490e-03	
5.107011e-01	-1.016640e-03	
5.106828e-01	-2.526270e-03	
5.076636e-01	-1.101369e-02	
4.906701e-01	-2.926133e-02	
4.511538e-01	-5.224689e-02	
3.881850e-01	-7.329995e-02	
3.065558e-01	-8.828953e-02	
2.135992e-01	-9.589813e-02	
1.167430e-01	-9.671395e-02	
2.214450e-02	-9.226058e-02	
-6.581500e-02	-8.145499e-02	
-1.388117e-01	-7.199581e-02	
-2.078606e-01	-6.472458e-02	
-2.663221e-01	-5.441233e-02	
-3.147527e-01	-4.487162e-02	
-3.541380e-01	-3.641617e-02	
-3.856618e-01	-2.916452e-02	
-4.105472e-01	-2.310532e-02	
-4.299553e-01	-1.814920e-02	
-4.449304e-01	-1.416683e-02	
-4.563754e-01	-1.072312e-02	
-4.644643e-01	-8.333986e-03	
-4.711318e-01	-6.779834e-03	
-4.761132e-01	-5.294693e-03	
-4.798110e-01	-4.168343e-03	
-4.825400e-01	-3.320928e-03	
-4.845432e-01	-2.687958e-03	
-4.860065e-01	-2.218245e-03	
-4.870705e-01	-1.871747e-03	
-4.878409e-01	-1.617526e-03	
-4.883966e-01	-1.418826e-03	
-4.887696e-01	-1.287697e-03	
-4.890630e-01	-1.205908e-03	
-4.892726e-01	-1.072379e-03	
-4.892989e-01	-9.676210e-04	
-4.892989e-01	-9.544298e-04	
-4.892989e-01	-9.544298e-04	
-4.892989e-01	-9.544298e-04	
-4.892989e-01	-9.544298e-04	
-4.892989e-01	-9.544298e-04	
-4.892989e-01	-9.544298e-04	
-4.892989e-01	-9.544298e-04	
-4.892989e-01	-9.544298e-04	
-4.892989e-01	-9.544298e-04	
-4.892989e-01	-9.544298e-04	
-4.892989e-01	-9.544298e-04	
-4.892989e-01	-9.544298e-04	
-4.892989e-01	-6.235765e-04	
-4.886372e-01	3.912209e-03	
-4.795656e-01	1.785491e-02	
-4.510175e-01	3.712201e-02	
-4.034086e-01	5.904559e-02	
-3.310084e-01	7.914646e-02	
-2.431901e-01	9.075308e-02	
-1.475672e-01	9.507681e-02	
-5.109133e-02	9.324439e-02	
4.087691e-02	8.695670e-02	
1.247872e-01	7.793449e-02	
1.987199e-01	6.763313e-02	
2.620353e-01	5.714218e-02	
3.149929e-01	4.567897e-02	
3.553875e-01	3.700031e-02	
3.909920e-01	3.095607e-02	
4.193019e-01	2.426197e-02	
4.415212e-01	1.872614e-02	
4.587618e-01	1.423684e-02	
4.720043e-01	1.065571e-02	
4.820841e-01	7.839024e-03	
4.896943e-01	5.650510e-03	
4.953979e-01	3.968187e-03	
4.996441e-01	2.582584e-03	
5.025769e-01	1.643162e-03	
5.049445e-01	1.043605e-03	
5.066785e-01	4.916205e-04	
5.079423e-01	8.315468e-05	
5.088595e-01	-2.173902e-04	
5.095223e-01	-4.373769e-04	
5.099996e-01	-5.976277e-04	
5.103420e-01	-7.138479e-04	
5.105868e-01	-8.278976e-04	
5.107011e-01	-9.503261e-04	
5.107011e-01	-1.007490e-03	
5.107011e-01	-1.007490e-03	
5.107011e-01	-1.007490e-03	
5.107011e-01	-1.007490e-03	
5.107011e-01	-1.007490e-03	
5.107011e-01	-1.007490e-03	
5.107011e-01	-1.007490e-03	
5.107011e-01	-1.007490e-03	
5.107011e-01	-1.007490e-03	
5.107011e-01	-1.007490e-03	
5.107011e-01	-1.007490e-03	
5.107011e-01	-1.007490e-03	
5.107011e-01	-1.016640e-03	
5.106828e-01	-2.526270e-03	
5.076636e-01	-1.101369e-02	
4.906701e-01	-2.926133e-02	
4.511538e-01	-5.224689e-02	
3.881850e-01	-7.329995e-02	
3.065558e-01	-8.828953e-02	
2.135992e-01	-9.217895e-02	
1.241814e-01	-9.317149e-02	
2.923022e-02	-9.274982e-02	
-5.935438e-02	-8.499819e-02	
-1.388117e-01	-7.522612e-02	
-2.078606e-01	-6.472458e-02	
-2.663221e-01	-5.441233e-02	
-3.147527e-01	-4.487162e-02	
-3.541380e-01	-3.641617e-02	
-3.856618e-01	-2.916452e-02	
-4.105472e-01	-2.244379e-02	
-4.286322e-01	-1.764127e-02	
-4.439144e-01	-1.444184e-02	
-4.556022e-01	-1.123116e-02	
-4.644643e-01	-8.720568e-03	
-4.711318e-01	-6.779834e-03	
-4.761132e-01	-5.294693e-03	
-4.798110e-01	-4.168343e-03	
-4.825400e-01	-3.320928e-03	
-4.845432e-01	-2.687958e-03	
-4.860065e-01	-2.183116e-03	
-4.870003e-01	-1.846364e-03	
-4.877902e-01	-1.634383e-03	
-4.883600e-01	-1.444214e-03	
-4.887696e-01	-1.305973e-03	
-4.890630e-01	-1.205908e-03	
-4.892726e-01	-1.072379e-03	
-4.892989e-01	-9.676210e-04	
-4.892989e-01	-9.544298e-04	
-4.892989e-01	-9.544298e-04	
-4.892989e-01	-9.544298e-04	
-4.892989e-01	-9.544298e-04	
-4.892989e-01	-9.544298e-04	
-4.892989e-01	-9.544298e-04	
-4.892989e-01	-9.544298e-04	
-4.892989e-01	-9.544298e-04	
-4.892989e-01	-9.544298e-04	
-4.892989e-01	-9.544298e-04	
-4.892989e-01	-9.544298e-04	
-4.892989e-01	-9.544298e-04	
-4.892989e-01	-7.185231e-04	
-4.888271e-01	3.272866e-03	
-4.808443e-01	1.643106e-02	
-4.540552e-01	3.776152e-02	
-4.034086e-01	6.056445e-02	
-3.310084e-01	7.914646e-02	
-2.431901e-01	9.075308e-02	
-1.475672e-01	9.507681e-02	
-5.109133e-02	9.324439e-02	
4.087691e-02	8.695670e-02	
1.247872e-01	7.527854e-02	
1.934080e-01	6.538584e-02	
2.575402e-01	5.793726e-02	
3.112706e-01	4.792675e-02	
3.553875e-01	3.886142e-02	
3.909920e-01	3.095607e-02	
4.193019e-01	2.426197e-02	
4.415212e-01	1.872614e-02	
4.587618e-01	1.423684e-02	
4.720043e-01	1.065571e-02	
4.820841e-01	7.583386e-03	
4.891831e-01	5.459586e-03	
4.950160e-01	4.082120e-03	
4.993606e-01	2.773550e-03	
5.025769e-01	1.784887e-03	
5.049445e-01	1.043605e-03	
5.066785e-01	4.916205e-04	
5.079423e-01	8.315468e-05	
5.088595e-01	-2.173902e-04	
5.095223e-01	-4.373769e-04	
5.099996e-01	-6.088621e-04	
5.103195e-01	-7.218678e-04	
5.105708e-01	-8.166623e-04	
5.107011e-01	-9.423050e-04	
5.107011e-01	-1.007490e-03	
5.107011e-01	-1.007490e-03	
5.107011e-01	-1.007490e-03	
5.107011e-01	-1.007490e-03	
5.107011e-01	-1.007490e-03	
5.107011e-01	-1.007490e-03	
5.107011e-01	-1.007490e-03	
5.107011e-01	-1.007490e-03	
5.107011e-01	-1.007490e-03	
5.107011e-01	-1.007490e-03	
5.107011e-01	-1.007490e-03	
5.107011e-01	-1.007490e-03	
5.107011e-01	-1.016640e-03	
5.106828e-01	-2.526270e-03	
5.076636e-01	-1.101369e-02	
4.906701e-01	-2.926133e-02	
4.511538e-01	-4.945162e-02	
3.937755e-01	-6.991015e-02	
3.133360e-01	-8.739613e-02	
2.209773e-01	-9.556944e-02	
1.241814e-01	-9.686052e-02	
2.923022e-02	-9.274982e-02	
-5.935438e-02	-8.499819e-02	
-1.388117e-01	-7.522612e-02	
-2.078606e-01	-6.472458e-02	
-2.663221e-01	-5.441233e-02	
-3.147527e-01	-4.350418e-02	
-3.514031e-01	-3.532940e-02	
-3.834880e-01	-2.967927e-02	
-4.088415e-01	-2.353079e-02	
-4.286322e-01	-1.849408e-02	
-4.439144e-01	-1.444184e-02	
-4.556022e-01	-1.123116e-02	
-4.644643e-01	-8.720568e-03	
-4.711318e-01	-6.779834e-03	
-4.761132e-01	-5.294693e-03	
-4.798110e-01	-4.077620e-03	
-4.823585e-01	-3.254506e-03	
-4.844104e-01	-2.730274e-03	
-4.859097e-01	-2.249553e-03	
-4.870003e-01	-1.894779e-03	
-4.877902e-01	-1.634383e-03	
-4.883600e-01	-1.444214e-03	
-4.887696e-01	-1.305973e-03	
-4.890630e-01	-1.205908e-03	
-4.892726e-01	-1.072379e-03	
-4.892989e-01	-9.676210e-04	
-4.892989e-01	-9.544298e-04	
-4.892989e-01	-9.544298e-04	
-4.892989e-01	-9.544298e-04	
-4.892989e-01	-9.544298e-04	
-4.892989e-01	-9.544298e-04	
-4.892989e-01	-9.544298e-04	
-4.892989e-01	-9.544298e-04	
-4.892989e-01	-9.544298e-04	
-4.892989e-01	-9.544298e-04	
-4.892989e-01	-9.544298e-04	
-4.892989e-01	-9.544298e-04	
-4.892989e-01	-9.544298e-04	
-4.892989e-01	-7.185231e-04	
-4.888271e-01	3.272866e-03	
-4.808443e-01	1.643106e-02	
-4.540552e-01	3.776152e-02	
-4.034086e-01	6.056445e-02	
-3.310084e-01	7.914646e-02	
-2.431901e-01	9.075308e-02	
-1.475672e-01	9.141765e-02	
-5.840966e-02	8.983334e-02	
3.405402e-02	8.755821e-02	
1.186711e-01	7.869031e-02	
1.934080e-01	6.844386e-02	
2.575402e-01	5.793726e-02	
3.112706e-01	4.792675e-02	
3.553875e-01	3.886142e-02	
3.909920e-01	3.095607e-02	
4.193019e-01	2.426197e-02	
4.415212e-01	1.813982e-02	
4.575892e-01	1.378859e-02	
4.711077e-01	1.090223e-02	
4.814044e-01	8.031729e-03	
4.891831e-01	5.799433e-03	
4.950160e-01	4.082120e-03	
4.993606e-01	2.773550e-03	
5.025769e-01	1.784887e-03	
5.049445e-01	1.043605e-03	
5.066785e-01	4.916205e-04	
5.079423e-01	5.290169e-05	
5.087989e-01	-2.392102e-04	
5.094787e-01	-4.228064e-04	
5.099682e-01	-5.870372e-04	
5.103195e-01	-7.061830e-04	
5.105708e-01	-8.166623e-04	
5.107011e-01	-9.423050e-04	
5.107011e-01	-1.007490e-03	
5.107011e-01	-1.007490e-03	
5.107011e-01	-1.007490e-03	
5.107011e-01	-1.007490e-03	
5.107011e-01	-1.007490e-03	
5.107011e-01	-1.007490e-03	
5.107011e-01	-1.007490e-03	
5.107011e-01	-1.007490e-03	
5.107011e-01	-1.007490e-03	
5.107011e-01	-1.007490e-03	
5.107011e-01	-1.007490e-03	
5.107011e-01	-1.007490e-03	
5.107011e-01	-1.016640e-03	
5.106828e-01	-2.239332e-03	
5.082374e-01	-9.991346e-03	
4.927149e-01	-2.759647e-02	
4.550576e-01	-5.047421e-02	
3.937755e-01	-7.186205e-02	
3.133360e-01	-8.739613e-02	
2.209773e-01	-9.556944e-02	
1.241814e-01	-9.686052e-02	
2.923022e-02	-9.274982e-02	
-5.935438e-02	-8.499819e-02	
-1.388117e-01	-7.275989e-02	
-2.029281e-01	-6.265959e-02	
-2.621916e-01	-5.518377e-02	
-3.113627e-01	-4.556961e-02	
-3.514031e-01	-3.702441e-02	
-3.834880e-01	-2.967927e-02	
-4.088415e-01	-2.353079e-02	
-4.286322e-01	-1.849408e-02	
-4.439144e-01	-1.444184e-02	
-4.556022e-01	-1.123116e-02	
-4.644643e-01	-8.496950e-03	
-4.706846e-01	-6.613328e-03	
-4.757801e-01	-5.395070e-03	
-4.795644e-01	-4.244163e-03	
-4.823585e-01	-3.377766e-03	
-4.844104e-01	-2.730274e-03	
-4.859097e-01	-2.249553e-03	
-4.870003e-01	-1.894779e-03	
-4.877902e-01	-1.634383e-03	
-4.883600e-01	-1.444214e-03	
-4.887696e-01	-1.296353e-03	
-4.890438e-01	-1.199050e-03	
-4.892588e-01	-1.082000e-03	
-4.892989e-01	-9.744800e-04	
-4.892989e-01	-9.544298e-04	
-4.892989e-01	-9.544298e-04	
-4.892989e-01	-9.544298e-04	
-4.892989e-01	-9.544298e-04	
-4.892989e-01	-9.544298e-04	
-4.892989e-01	-9.544298e-04	
-4.892989e-01	-9.544298e-04	
-4.892989e-01	-9.544298e-04	
-4.892989e-01	-9.544298e-04	
-4.892989e-01	-9.544298e-04	
-4.892989e-01	-9.544298e-04	
-4.892989e-01	-9.544298e-04	
-4.892989e-01	-7.185231e-04	
-4.888271e-01	3.272866e-03	
-4.808443e-01	1.643106e-02	
-4.540552e-01	3.776152e-02	
-4.034086e-01	5.745863e-02	
-3.372200e-01	7.558236e-02	
-2.503189e-01	9.012626e-02	
-1.550333e-01	9.498247e-02	
-5.840966e-02	9.356635e-02	
3.405402e-02	8.755821e-02	
1.186711e-01	7.869031e-02	
1.934080e-01	6.844386e-02	
2.575402e-01	5.793726e-02	
3.112706e-01	4.792675e-02	
3.553875e-01	3.762935e-02	
3.885278e-01	2.998294e-02	
4.173554e-01	2.473464e-02	
4.400022e-01	1.911317e-02	
4.575892e-01	1.454809e-02	
4.711077e-01	1.090223e-02	
4.814044e-01	8.031729e-03	
4.891831e-01	5.799433e-03	
4.950160e-01	4.082120e-03	
4.993606e-01	2.773550e-03	
5.025769e-01	1.706270e-03	
5.047873e-01	9.861745e-04	
5.065636e-01	5.284696e-04	
5.078588e-01	1.103451e-04	
5.087989e-01	-1.974360e-04	
5.094787e-01	-4.228064e-04	
5.099682e-01	-5.870372e-04	
5.103195e-01	-7.061830e-04	
5.105708e-01	-8.166623e-04	
5.107011e-01	-9.423050e-04	
5.107011e-01	-1.007490e-03	
5.107011e-01	-1.007490e-03	
5.107011e-01	-1.007490e-03	
5.107011e-01	-1.007490e-03	
5.107011e-01	-1.007490e-03	
5.107011e-01	-1.007490e-03	
5.107011e-01	-1.007490e-03	
5.107011e-01	-1.007490e-03	
5.107011e-01	-1.007490e-03	
5.107011e-01	-1.007490e-03	
5.107011e-01	-1.007490e-03	
5.107011e-01	-1.007490e-03	
5.107011e-01	-1.010875e-03	
5.106944e-01	-2.239332e-03	
5.082374e-01	-9.997112e-03	
4.927149e-01	-2.759647e-02	
4.550576e-01	-5.047421e-02	
3.937755e-01	-7.186205e-02	
3.133360e-01	-8.739613e-02	
2.209773e-01	-9.556944e-02	
1.241814e-01	-9.329839e-02	
3.635449e-02	-8.949252e-02	
-5.283902e-02	-8.568509e-02	
-1.330605e-01	-7.601787e-02	
-2.029281e-01	-6.553517e-02	
-2.621916e-01	-5.518377e-02	
-3.113627e-01	-4.556961e-02	
-3.514031e-01	-3.702441e-02	
-3.834880e-01	-2.967927e-02	
-4.088415e-01	-2.353079e-02	
-4.286322e-01	-1.797549e-02	
-4.428772e-01	-1.404698e-02	
-4.548124e-01	-1.145152e-02	
-4.638677e-01	-8.891890e-03	
-4.706846e-01	-6.911596e-03	
-4.757801e-01	-5.395070e-03	
-4.795644e-01	-4.244163e-03	
-4.823585e-01	-3.377766e-03	
-4.844104e-01	-2.730274e-03	
-4.859097e-01	-2.249553e-03	
-4.870003e-01	-1.868747e-03	
-4.877381e-01	-1.615639e-03	
-4.883225e-01	-1.456796e-03	
-4.887427e-01	-1.315100e-03	
-4.890438e-01	-1.212502e-03	
-4.892588e-01	-1.082000e-03	
-4.892989e-01	-9.744800e-04	
-4.892989e-01	-9.544298e-04	
-4.892989e-01	-9.544298e-04	
-4.892989e-01	-9.544298e-04	
-4.892989e-01	-9.544298e-04	
-4.892989e-01	-9.544298e-04	
-4.892989e-01	-9.544298e-04	
-4.892989e-01	-9.544298e-04	
-4.892989e-01	-9.544298e-04	
-4.892989e-01	-9.544298e-04	
-4.892989e-01	-9.544298e-04	
-4.892989e-01	-9.544298e-04	
-4.892989e-01	-9.544298e-04	
-4.892989e-01	-7.185231e-04	
-4.888271e-01	2.691075e-03	
-4.820079e-01	1.498470e-02	
-4.569481e-01	3.597873e-02	
-4.081381e-01	5.890531e-02	
-3.372200e-01	7.794710e-02	
-2.503189e-01	9.012626e-02	
-1.550333e-01	9.498247e-02	
-5.840966e-02	9.356635e-02	
3.405402e-02	8.755821e-02	
1.186711e-01	7.869031e-02	
1.934080e-01	6.616536e-02	
2.529832e-01	5.604788e-02	
3.074914e-01	4.866733e-02	
3.523113e-01	3.951913e-02	
3.885278e-01	3.152106e-02	
4.173554e-01	2.473464e-02	
4.400022e-01	1.911317e-02	
4.575892e-01	1.454809e-02	
4.711077e-01	1.090223e-02	
4.814044e-01	8.031729e-03	
4.891831e-01	5.604103e-03	
4.946253e-01	3.937097e-03	
4.990705e-01	2.861823e-03	
5.023627e-01	1.851325e-03	
5.047873e-01	1.093247e-03	
5.065636e-01	5.284696e-04	
5.078588e-01	1.103451e-04	
5.087989e-01	-1.974360e-04	
5.094787e-01	-4.228064e-04	
5.099682e-01	-5.870372e-04	
5.103195e-01	-7.144156e-04	
5.105543e-01	-8.166615e-04	
5.107011e-01	-9.340724e-04	
5.107011e-01	-1.007490e-03	
5.107011e-01	-1.007490e-03	
5.107011e-01	-1.007490e-03	
5.107011e-01	-1.007490e-03	
5.107011e-01	-1.007490e-03	
5.107011e-01	-1.007490e-03	
5.107011e-01	-1.007490e-03	
5.107011e-01	-1.007490e-03	
5.107011e-01	-1.007490e-03	
5.107011e-01	-1.007490e-03	
5.107011e-01	-1.007490e-03	
5.107011e-01	-1.007490e-03	
5.107011e-01	-1.010875e-03	
5.106944e-01	-2.239332e-03	
5.082374e-01	-9.997112e-03	
4.927149e-01	-2.759647e-02	
4.550576e-01	-5.047421e-02	
3.937755e-01	-6.850724e-02	
3.200457e-01	-8.372025e-02	
2.283298e-01	-9.519956e-02	
1.316316e-01	-9.697501e-02	
3.635449e-02	-9.321761e-02	
-5.283902e-02	-8.568509e-02	
-1.330605e-01	-7.601787e-02	
-2.029281e-01	-6.553517e-02	
-2.621916e-01	-5.518377e-02	
-3.113627e-01	-4.556961e-02	
-3.514031e-01	-3.591760e-02	
-3.812744e-01	-2.881015e-02	
-4.071031e-01	-2.396285e-02	
-4.272825e-01	-1.884480e-02	
-4.428772e-01	-1.472183e-02	
-4.548124e-01	-1.145152e-02	
-4.638677e-01	-8.891890e-03	
-4.706846e-01	-6.911596e-03	
-4.757801e-01	-5.395070e-03	
-4.795644e-01	-4.244163e-03	
-4.823585e-01	-3.309711e-03	
-4.842743e-01	-2.680666e-03	
-4.858105e-01	-2.281601e-03	
-4.869282e-01	-1.918366e-03	
-4.877381e-01	-1.651651e-03	
-4.883225e-01	-1.456796e-03	
-4.887427e-01	-1.315100e-03	
-4.890438e-01	-1.212502e-03	
-4.892588e-01	-1.082000e-03	
-4.892989e-01	-9.744800e-04	
-4.892989e-01	-9.544298e-04	
-4.892989e-01	-9.544298e-04	
-4.892989e-01	-9.544298e-04	
-4.892989e-01	-9.544298e-04	
-4.892989e-01	-9.544298e-04	
-4.892989e-01	-9.544298e-04	
-4.892989e-01	-9.544298e-04	
-4.892989e-01	-9.544298e-04	
-4.892989e-01	-9.544298e-04	
-4.892989e-01	-9.544298e-04	
-4.892989e-01	-9.544298e-04	
-4.892989e-01	-9.544298e-04	
-4.892989e-01	-7.922758e-04	
-4.889746e-01	2.691083e-03	
-4.820079e-01	1.505845e-02	
-4.569481e-01	3.597873e-02	
-4.081381e-01	5.890531e-02	
-3.372200e-01	7.794710e-02	
-2.503189e-01	9.012626e-02	
-1.550333e-01	9.498247e-02	
-5.840966e-02	9.013129e-02	
2.718388e-02	8.447100e-02	
1.124960e-01	7.943816e-02	
1.880329e-01	6.925322e-02	
2.529832e-01	5.873542e-02	
3.074914e-01	4.866733e-02	
3.523113e-01	3.951913e-02	
3.885278e-01	3.152106e-02	
4.173554e-01	2.473464e-02	
4.400022e-01	1.911317e-02	
4.575892e-01	1.409029e-02	
4.701921e-01	1.055502e-02	
4.807099e-01	8.228204e-03	
4.886603e-01	5.951394e-03	
4.946253e-01	4.198463e-03	
4.990705e-01	2.861823e-03	
5.023627e-01	1.851325e-03	
5.047873e-01	1.093247e-03	
5.065636e-01	5.284696e-04	
5.078588e-01	1.103451e-04	
5.087989e-01	-2.198175e-04	
5.094339e-01	-4.388944e-04	
5.099360e-01	-5.761819e-04	
5.102964e-01	-6.983240e-04	
5.105543e-01	-8.051336e-04	
5.107011e-01	-9.340724e-04	
5.107011e-01	-1.007490e-03	
5.107011e-01	-1.007490e-03	
5.107011e-01	-1.007490e-03	
5.107011e-01	-1.007490e-03	
5.107011e-01	-1.007490e-03	
5.107011e-01	-1.007490e-03	
5.107011e-01	-1.007490e-03	
5.107011e-01	-1.007490e-03	
5.107011e-01	-1.007490e-03	
5.107011e-01	-1.007490e-03	
